0.000153
0.000100
0.000036
0.000178
-0.000037
0.000092
0.000000
-0.000094
0.000038
-0.000188
-0.000039
-0.000109
-0.000171
0.000016
-0.000176
0.000032
-0.000000
-0.000033
0.000188
-0.000018
0.000195
0.000129
0.000048
0.000236
-0.000050
0.000125
-0.000000
-0.000131
0.000054
-0.000269
-0.000057
-0.000160
-0.000252
0.000024
-0.000264
0.000049
-0.000000
-0.000051
0.000290
-0.000027
0.000305
0.000203
0.000076
0.000375
-0.000079
0.000201
0.000000
-0.000211
0.000088
-0.000435
-0.000092
-0.000260
-0.000410
0.000039
-0.000430
0.000080
-0.000000
-0.000084
0.000474
-0.000045
0.000498
0.000331
0.000123
0.000612
-0.000129
0.000327
-0.000000
-0.000343
0.000142
-0.000705
-0.000149
-0.000420
-0.000661
0.000062
-0.000692
0.000128
-0.000000
-0.000134
0.000757
-0.000071
0.000792
0.000526
0.000195
0.000967
-0.000204
0.000515
0.000000
-0.000538
0.000222
-0.001101
-0.000232
-0.000653
-0.001026
0.000097
-0.001069
0.000198
-0.000000
-0.000206
0.001161
-0.000109
0.001209
0.000802
0.000297
0.001469
-0.000309
0.000779
-0.000000
-0.000810
0.000335
-0.001653
-0.000348
-0.000976
-0.001532
0.000144
-0.001592
0.000294
-0.000000
-0.000305
0.001717
-0.000162
0.001783
0.001180
0.000437
0.002156
-0.000453
0.001140
0.000000
-0.001183
0.000488
-0.002408
-0.000506
-0.001418
-0.002223
0.000209
-0.002304
0.000425
-0.000000
-0.000441
0.002476
-0.000233
0.002566
0.001697
0.000628
0.003095
-0.000650
0.001634
-0.000000
-0.001693
0.000698
-0.003442
-0.000723
-0.002026
-0.003173
0.000298
-0.003287
0.000606
-0.000000
-0.000628
0.003527
-0.000331
0.003654
0.002417
0.000894
0.004408
-0.000926
0.002327
-0.000000
-0.002412
0.000995
-0.004907
-0.001031
-0.002890
-0.004529
0.000426
-0.004697
0.000867
-0.000000
-0.000899
0.005055
-0.000475
0.005247
0.003475
0.001286
0.006351
-0.001336
0.003362
-0.000000
-0.003495
0.001444
-0.007135
-0.001502
-0.004218
-0.006624
0.000624
-0.006900
0.001276
-0.000000
-0.001331
0.007504
-0.000708
0.007835
0.005205
0.001933
0.009580
-0.002023
0.005110
-0.000000
-0.005357
0.002223
-0.011035
-0.002335
-0.006591
-0.010406
0.000986
-0.010968
0.002041
-0.000000
-0.002158
0.012259
-0.001165
0.013008
0.008716
0.003267
0.016349
-0.003488
0.008907
-0.000000
-0.009562
0.004019
-0.020235
-0.004345
-0.012461
-0.020009
0.001930
-0.021898
0.004162
-0.000000
-0.004613
0.026914
-0.002634
0.030349
0.021060
0.008205
0.042852
-0.009590
0.025847
-0.000000
-0.031635
0.014425
-0.079915
-0.019252
-0.063619
-0.122412
0.015069
-0.244926
0.088748
0.700131
0.088748
-0.244926
0.015069
-0.122412
-0.063619
-0.019252
-0.079915
0.014425
-0.031635
-0.000000
0.025847
-0.009590
0.042852
0.008205
0.021060
0.030349
-0.002634
0.026914
-0.004613
-0.000000
0.004162
-0.021898
0.001930
-0.020009
-0.012461
-0.004345
-0.020235
0.004019
-0.009562
-0.000000
0.008907
-0.003488
0.016349
0.003267
0.008716
0.013008
-0.001165
0.012259
-0.002158
-0.000000
0.002041
-0.010968
0.000986
-0.010406
-0.006591
-0.002335
-0.011035
0.002223
-0.005357
-0.000000
0.005110
-0.002023
0.009580
0.001933
0.005205
0.007835
-0.000708
0.007504
-0.001331
-0.000000
0.001276
-0.006900
0.000624
-0.006624
-0.004218
-0.001502
-0.007135
0.001444
-0.003495
-0.000000
0.003362
-0.001336
0.006351
0.001286
0.003475
0.005247
-0.000475
0.005055
-0.000899
-0.000000
0.000867
-0.004697
0.000426
-0.004529
-0.002890
-0.001031
-0.004907
0.000995
-0.002412
-0.000000
0.002327
-0.000926
0.004408
0.000894
0.002417
0.003654
-0.000331
0.003527
-0.000628
-0.000000
0.000606
-0.003287
0.000298
-0.003173
-0.002026
-0.000723
-0.003442
0.000698
-0.001693
-0.000000
0.001634
-0.000650
0.003095
0.000628
0.001697
0.002566
-0.000233
0.002476
-0.000441
-0.000000
0.000425
-0.002304
0.000209
-0.002223
-0.001418
-0.000506
-0.002408
0.000488
-0.001183
0.000000
0.001140
-0.000453
0.002156
0.000437
0.001180
0.001783
-0.000162
0.001717
-0.000305
-0.000000
0.000294
-0.001592
0.000144
-0.001532
-0.000976
-0.000348
-0.001653
0.000335
-0.000810
-0.000000
0.000779
-0.000309
0.001469
0.000297
0.000802
0.001209
-0.000109
0.001161
-0.000206
-0.000000
0.000198
-0.001069
0.000097
-0.001026
-0.000653
-0.000232
-0.001101
0.000222
-0.000538
0.000000
0.000515
-0.000204
0.000967
0.000195
0.000526
0.000792
-0.000071
0.000757
-0.000134
-0.000000
0.000128
-0.000692
0.000062
-0.000661
-0.000420
-0.000149
-0.000705
0.000142
-0.000343
-0.000000
0.000327
-0.000129
0.000612
0.000123
0.000331
0.000498
-0.000045
0.000474
-0.000084
-0.000000
0.000080
-0.000430
0.000039
-0.000410
-0.000260
-0.000092
-0.000435
0.000088
-0.000211
0.000000
0.000201
-0.000079
0.000375
0.000076
0.000203
0.000305
-0.000027
0.000290
-0.000051
-0.000000
0.000049
-0.000264
0.000024
-0.000252
-0.000160
-0.000057
-0.000269
0.000054
-0.000131
-0.000000
0.000125
-0.000050
0.000236
0.000048
0.000129
0.000195
-0.000018
0.000188
-0.000033
-0.000000
0.000032
-0.000176
0.000016
-0.000171
-0.000109
-0.000039
-0.000188
0.000038
-0.000094
0.000000
0.000092
-0.000037
0.000178
0.000036
0.000100
0.000153
