-0.000082 
0.000040 
-0.000033 
-0.000180 
-0.000111 
0.000002 
-0.000103 
-0.000206 
-0.000078 
0.000016 
-0.000110 
-0.000155 
0.000020 
0.000078 
-0.000064 
-0.000048 
0.000148 
0.000146 
-0.000009 
0.000061 
0.000242 
0.000161 
-0.000000 
0.000114 
0.000251 
0.000084 
-0.000064 
0.000091 
0.000162 
-0.000075 
-0.000175 
0.000021 
0.000021 
-0.000250 
-0.000260 
-0.000023 
-0.000093 
-0.000350 
-0.000238 
0.000024 
-0.000113 
-0.000316 
-0.000074 
0.000173 
-0.000038 
-0.000163 
0.000182 
0.000352 
0.000055 
0.000018 
0.000410 
0.000436 
0.000055 
0.000110 
0.000488 
0.000325 
-0.000107 
0.000055 
0.000371 
0.000018 
-0.000388 
-0.000090 
0.000136 
-0.000358 
-0.000635 
-0.000177 
-0.000055 
-0.000613 
-0.000664 
-0.000057 
-0.000063 
-0.000611 
-0.000385 
0.000300 
0.000117 
-0.000372 
0.000114 
0.000746 
0.000325 
-0.000075 
0.000596 
0.001020 
0.000327 
0.000046 
0.000809 
0.000900 
-0.000028 
-0.000120 
0.000658 
0.000372 
-0.000659 
-0.000461 
0.000289 
-0.000333 
-0.001262 
-0.000672 
0.000011 
-0.000850 
-0.001468 
-0.000452 
0.000089 
-0.000916 
-0.001082 
0.000271 
0.000528 
-0.000562 
-0.000247 
0.001224 
0.001016 
-0.000121 
0.000610 
0.001912 
0.001095 
-0.000019 
0.001029 
0.001904 
0.000468 
-0.000463 
0.000833 
0.001139 
-0.000744 
-0.001239 
0.000279 
0.000006 
-0.001999 
-0.001780 
-0.000083 
-0.000862 
-0.002621 
-0.001514 
0.000221 
-0.001002 
-0.002227 
-0.000276 
0.001202 
-0.000458 
-0.001018 
0.001495 
0.002307 
0.000196 
0.000299 
0.002937 
0.002702 
0.000213 
0.000946 
0.003274 
0.001813 
-0.000782 
0.000607 
0.002333 
-0.000224 
-0.002431 
-0.000292 
0.000717 
-0.002526 
-0.003748 
-0.000804 
-0.000540 
-0.003930 
-0.003687 
-0.000094 
-0.000648 
-0.003722 
-0.001856 
0.001905 
0.000341 
-0.002141 
0.001104 
0.004273 
0.001463 
-0.000305 
0.003782 
0.005544 
0.001416 
0.000489 
0.004820 
0.004606 
-0.000527 
-0.000322 
0.003804 
0.001506 
-0.003847 
-0.002056 
0.001621 
-0.002398 
-0.006872 
-0.003075 
-0.000033 
-0.005150 
-0.007680 
-0.001819 
0.000229 
-0.005400 
-0.005330 
0.002028 
0.002409 
-0.003359 
-0.000634 
0.007017 
0.004867 
-0.000819 
0.004123 
0.010529 
0.005168 
-0.000073 
0.006476 
0.010264 
0.001668 
-0.002316 
0.005399 
0.005778 
-0.005130 
-0.006511 
0.002181 
-0.000936 
-0.012383 
-0.009579 
-0.000113 
-0.006371 
-0.016214 
-0.008030 
0.001490 
-0.007588 
-0.013949 
-0.000228 
0.007658 
-0.004308 
-0.006009 
0.012026 
0.015549 
0.000290 
0.003777 
0.023696 
0.019504 
0.000773 
0.009904 
0.028668 
0.013505 
-0.007746 
0.008327 
0.022905 
-0.005897 
-0.026633 
-0.000416 
0.006922 
-0.038196 
-0.052234 
-0.008960 
-0.013857 
-0.082123 
-0.076861 
0.002804 
-0.031243 
-0.164189 
-0.091960 
0.251519 
0.461958 
0.251519 
-0.091960 
-0.164189 
-0.031243 
0.002804 
-0.076861 
-0.082123 
-0.013857 
-0.008960 
-0.052234 
-0.038196 
0.006922 
-0.000416 
-0.026633 
-0.005897 
0.022905 
0.008327 
-0.007746 
0.013505 
0.028668 
0.009904 
0.000773 
0.019504 
0.023696 
0.003777 
0.000290 
0.015549 
0.012026 
-0.006009 
-0.004308 
0.007658 
-0.000228 
-0.013949 
-0.007588 
0.001490 
-0.008030 
-0.016214 
-0.006371 
-0.000113 
-0.009579 
-0.012383 
-0.000936 
0.002181 
-0.006511 
-0.005130 
0.005778 
0.005399 
-0.002316 
0.001668 
0.010264 
0.006476 
-0.000073 
0.005168 
0.010529 
0.004123 
-0.000819 
0.004867 
0.007017 
-0.000634 
-0.003359 
0.002409 
0.002028 
-0.005330 
-0.005400 
0.000229 
-0.001819 
-0.007680 
-0.005150 
-0.000033 
-0.003075 
-0.006872 
-0.002398 
0.001621 
-0.002056 
-0.003847 
0.001506 
0.003804 
-0.000322 
-0.000527 
0.004606 
0.004820 
0.000489 
0.001416 
0.005544 
0.003782 
-0.000305 
0.001463 
0.004273 
0.001104 
-0.002141 
0.000341 
0.001905 
-0.001856 
-0.003722 
-0.000648 
-0.000094 
-0.003687 
-0.003930 
-0.000540 
-0.000804 
-0.003748 
-0.002526 
0.000717 
-0.000292 
-0.002431 
-0.000224 
0.002333 
0.000607 
-0.000782 
0.001813 
0.003274 
0.000946 
0.000213 
0.002702 
0.002937 
0.000299 
0.000196 
0.002307 
0.001495 
-0.001018 
-0.000458 
0.001202 
-0.000276 
-0.002227 
-0.001002 
0.000221 
-0.001514 
-0.002621 
-0.000862 
-0.000083 
-0.001780 
-0.001999 
0.000006 
0.000279 
-0.001239 
-0.000744 
0.001139 
0.000833 
-0.000463 
0.000468 
0.001904 
0.001029 
-0.000019 
0.001095 
0.001912 
0.000610 
-0.000121 
0.001016 
0.001224 
-0.000247 
-0.000562 
0.000528 
0.000271 
-0.001082 
-0.000916 
0.000089 
-0.000452 
-0.001468 
-0.000850 
0.000011 
-0.000672 
-0.001262 
-0.000333 
0.000289 
-0.000461 
-0.000659 
0.000372 
0.000658 
-0.000120 
-0.000028 
0.000900 
0.000809 
0.000046 
0.000327 
0.001020 
0.000596 
-0.000075 
0.000325 
0.000746 
0.000114 
-0.000372 
0.000117 
0.000300 
-0.000385 
-0.000611 
-0.000063 
-0.000057 
-0.000664 
-0.000613 
-0.000055 
-0.000177 
-0.000635 
-0.000358 
0.000136 
-0.000090 
-0.000388 
0.000018 
0.000371 
0.000055 
-0.000107 
0.000325 
0.000488 
0.000110 
0.000055 
0.000436 
0.000410 
0.000018 
0.000055 
0.000352 
0.000182 
-0.000163 
-0.000038 
0.000173 
-0.000074 
-0.000316 
-0.000113 
0.000024 
-0.000238 
-0.000350 
-0.000093 
-0.000023 
-0.000260 
-0.000250 
0.000021 
0.000021 
-0.000175 
-0.000075 
0.000162 
0.000091 
-0.000064 
0.000084 
0.000251 
0.000114 
-0.000000 
0.000161 
0.000242 
0.000061 
-0.000009 
0.000146 
0.000148 
-0.000048 
-0.000064 
0.000078 
0.000020 
-0.000155 
-0.000110 
0.000016 
-0.000078 
-0.000206 
-0.000103 
0.000002 
-0.000111 
-0.000180 
-0.000033 
0.000040 
-0.000082 
