-0.010605
-0.022049
-0.010758
-0.011521
-0.007858
0.008621
0.015946
-0.013962
-0.011673
0.003738
-0.009232
0.002823
0.025101
0.010605
0.019303
0.026780
-0.009232
0.015488
0.025712
-0.039597
-0.030899
-0.004196
-0.023117
0.011978
0.007095
-0.026932
-0.014878
0.005264
-0.018235
-0.004654
0.017014
0.014115
0.016098
0.019760
0.004349
0.004196
-0.005875
0.005570
0.021134
0.009384
-0.008774
-0.014878
-0.000534
-0.009995
-0.011521
-0.011673
0.002976
0.030289
0.033951
-0.001144
0.004501
0.013962
-0.011673
-0.024338
-0.003891
0.019760
0.009232
-0.001450
0.009232
-0.001450
-0.001450
0.003281
0.004807
0.022049
0.019608
0.009384
0.009384
0.010758
-0.016861
-0.008011
0.033951
0.011978
-0.014725
0.001907
0.005264
0.005417
0.015641
0.015946
-0.010300
0.004654
0.023880
0.006790
0.005417
0.016861
0.001297
-0.000992
0.005722
0.002060
0.002976
-0.003738
0.010452
0.019150
0.004807
-0.008011
0.006027
0.022049
0.012589
0.007401
0.017777
-0.004501
-0.022965
0.003433
0.038987
0.034867
-0.020981
-0.057908
-0.015335
0.040055
0.065080
0.059739
0.001297
-0.055772
-0.055161
0.019913
0.087358
0.057603
-0.002670
-0.026627
-0.020523
-0.002823
0.016861
0.032273
0.022507
-0.003433
0.008469
-0.006790
-0.028763
-0.005722
0.014725
0.030442
0.017624
-0.007401
-0.019608
0.008774
0.048295
0.033646
-0.028306
-0.063859
-0.040055
0.044175
0.086595
0.038224
-0.012131
-0.051957
-0.112383
-0.055467
0.103075
0.125811
0.003128
-0.061875
-0.044938
-0.060349
-0.057755
0.037461
0.128405
0.056382
-0.071031
-0.065690
-0.014420
-0.040513
-0.020676
0.071488
0.073625
-0.035630
-0.078508
-0.031052
0.000229
-0.014878
-0.008469
0.027390
0.010147
-0.057298
-0.049515
-0.003128
-0.001144
-0.008469
-0.006180
-0.007553
0.006638
-0.007248
-0.038071
-0.017319
0.024796
0.018387
-0.017166
-0.026169
-0.046158
-0.049363
0.028763
0.064164
0.005417
-0.060349
-0.063859
-0.044022
-0.000076
0.044175
0.026169
-0.019150
-0.045548
-0.058213
-0.046616
0.008316
0.033951
0.014878
-0.014115
-0.027237
-0.035630
-0.025712
-0.003128
0.000229
0.002670
0.010300
-0.016098
-0.029374
-0.017624
-0.004959
-0.022354
-0.016861
0.004349
-0.006943
-0.037308
-0.019303
-0.000992
-0.034867
-0.040360
0.002060
0.013047
-0.005417
-0.004196
-0.019303
-0.053788
-0.038834
-0.003433
-0.000534
-0.001755
-0.004044
-0.027085
-0.035477
-0.011368
-0.009537
-0.036393
-0.013352
0.026322
0.021744
-0.031663
-0.063706
-0.024948
-0.002670
-0.007706
0.009384
0.032425
-0.006180
-0.053941
-0.044022
0.002060
0.021744
0.013809
0.013809
0.024948
0.004807
-0.053941
-0.092393
-0.016098
0.093919
0.098802
-0.034409
-0.103990
-0.033341
0.050889
0.018387
-0.028153
0.017777
0.033951
-0.029374
-0.035935
0.076219
0.073625
-0.083696
-0.134813
0.049058
0.158923
0.021134
-0.117266
-0.037461
0.081712
0.040055
-0.039292
-0.019760
0.020676
0.006485
-0.005875
0.030137
0.014572
-0.007858
-0.037461
-0.002518
0.027085
0.047532
0.032273
-0.040208
-0.021744
0.031052
0.067063
-0.047684
-0.103685
0.006332
0.143206
0.114061
-0.068589
-0.134661
-0.046464
0.099107
0.098192
0.048142
-0.014115
-0.000076
-0.011063
-0.080491
0.000534
0.170367
0.164874
-0.093919
-0.198596
-0.049210
0.167926
0.129168
-0.017166
-0.018082
-0.017166
-0.055772
-0.089036
0.044175
0.156329
0.076219
-0.025254
-0.039445
-0.007095
-0.045396
0.015335
0.063706
0.076829
-0.003433
-0.104906
-0.053330
-0.005875
0.088426
0.141070
0.089342
-0.148241
-0.255207
-0.071641
0.260090
0.251545
-0.109483
-0.239490
0.036851
0.292592
0.060502
-0.293812
-0.167315
0.218891
0.263905
-0.134051
-0.292592
0.002365
0.279622
0.076219
-0.185626
-0.097276
0.068437
-0.024491
-0.129473
0.058213
0.296407
0.149157
-0.237812
-0.257496
0.101244
0.304341
-0.051652
-0.317311
-0.109178
0.292744
0.169451
-0.233692
-0.262074
0.158007
0.307698
-0.039902
-0.324331
-0.169451
0.184863
0.200580
0.037766
-0.073014
-0.030442
-0.025101
-0.022049
-0.047074
0.058061
0.096056
-0.065232
-0.141985
-0.078660
0.080491
0.033646
-0.056687
-0.048447
0.073625
0.040818
-0.076066
-0.121233
0.028611
0.121691
0.034104
-0.019608
-0.040970
-0.051194
-0.065080
0.050126
0.063096
0.026474
-0.126879
-0.099565
-0.015335
0.056840
0.022507
-0.065690
-0.062486
0.065995
0.119402
-0.085679
-0.158923
-0.067216
0.142138
0.101701
0.020676
-0.024948
-0.071794
-0.100023
-0.005112
0.139544
0.070115
-0.099565
-0.242542
-0.040360
0.144274
0.103685
-0.093004
-0.115282
0.069657
0.126268
-0.016709
-0.164263
-0.059892
0.085985
0.155566
0.021286
-0.036088
-0.069352
-0.105974
-0.029831
0.078965
0.097887
-0.042039
-0.155108
-0.171893
0.026780
0.134661
0.131304
-0.055467
-0.151598
-0.057755
0.093309
0.111009
-0.032883
-0.092393
-0.009232
0.156634
0.062486
-0.087968
-0.206531
-0.033036
0.187915
0.144579
-0.087053
-0.170367
-0.064469
0.004501
0.035325
0.076982
0.156939
-0.034714
-0.198291
-0.121996
0.201038
0.270771
-0.036545
-0.288624
-0.073167
0.282673
0.208057
-0.167163
-0.316854
0.039750
0.308614
0.095903
-0.213550
-0.156786
0.039445
0.086442
0.004807
0.042039
0.065995
-0.053636
-0.096361
0.010300
0.192035
0.104906
-0.124743
-0.197070
0.031815
0.234150
0.126879
-0.160754
-0.265431
0.028611
0.268330
0.122148
-0.173419
-0.187915
-0.020218
0.133135
0.078050
-0.036698
-0.061570
0.003433
0.088426
0.033494
-0.006790
-0.017624
-0.014267
-0.026932
-0.007248
0.035477
0.079423
0.014115
-0.168688
-0.098192
0.159533
0.199969
-0.080034
-0.240864
-0.067216
0.160296
0.135424
-0.046311
-0.107042
0.027237
0.125353
0.063401
-0.099107
-0.060197
0.055161
0.101701
-0.015793
-0.132372
0.019455
0.161212
0.034257
-0.215686
-0.050126
0.223316
0.171740
-0.198596
-0.307088
0.060807
0.303883
0.152209
-0.201038
-0.184100
0.074388
0.230182
0.036240
-0.232166
-0.077592
0.179065
0.183642
-0.192035
-0.236133
0.115129
0.270008
-0.029984
-0.319753
-0.047990
0.272145
0.151751
-0.310903
-0.298848
0.176471
0.393606
0.039597
-0.427329
-0.199054
0.290913
0.371023
-0.217060
-0.438163
0.046006
0.372091
0.077134
-0.384909
-0.146105
0.267720
0.241474
-0.253223
-0.344320
0.164263
0.369650
-0.052415
-0.462119
-0.151141
0.353017
0.320363
-0.221180
-0.398032
0.080186
0.415122
0.084917
-0.462577
-0.206683
0.306935
0.299306
-0.200580
-0.346609
0.066911
0.290761
0.023423
-0.322652
-0.060502
0.272450
0.166094
-0.280079
-0.336690
0.142901
0.415427
0.092851
-0.384604
-0.244678
0.274739
0.383993
-0.157855
-0.449607
-0.019303
0.378347
0.169299
-0.296712
-0.248188
0.170825
0.255512
-0.072251
-0.246357
0.018387
0.212482
0.016098
-0.298390
-0.127642
0.322805
0.287098
-0.194324
-0.343709
0.105974
0.429465
0.036698
-0.438163
-0.201190
0.366293
0.316091
-0.187457
-0.305409
0.073625
0.318227
0.051957
-0.221332
-0.147631
0.127337
0.124437
-0.137102
-0.188830
0.140002
0.315785
-0.008774
-0.308614
-0.096971
0.346304
0.208362
-0.275807
-0.335622
0.179980
0.437858
0.048905
-0.324178
-0.163348
0.214008
0.177691
-0.072557
-0.182727
-0.035477
0.139391
-0.000076
-0.158007
-0.039445
0.252918
0.140459
-0.161669
-0.213855
0.092851
0.214923
-0.057298
-0.202564
0.041276
0.311666
0.142290
-0.158007
-0.222095
-0.001602
0.184253
0.097429
-0.130083
-0.210803
0.025864
0.208667
0.072404
-0.134813
-0.083543
0.097581
0.081102
-0.021744
-0.030594
0.014115
0.016556
0.011521
0.083085
0.072709
0.020371
-0.041428
-0.087205
-0.059281
0.134966
0.159380
-0.132525
-0.292287
-0.040208
0.302358
0.144732
-0.197528
-0.193866
0.101701
0.203937
-0.017014
-0.159686
-0.055161
0.113451
0.141375
0.023270
-0.158770
-0.150378
-0.007858
0.049821
0.036240
0.053483
0.005417
-0.128099
-0.201190
-0.037461
0.201495
0.130694
-0.135424
-0.237049
-0.019455
0.222248
0.193408
-0.084917
-0.172808
-0.029831
0.067674
0.034562
-0.044785
-0.078050
-0.036088
-0.040513
0.001297
0.101244
0.079728
-0.093767
-0.224537
-0.125505
0.166705
0.218128
-0.019913
-0.243000
-0.118486
0.156939
0.224689
0.017929
-0.175860
-0.131914
0.026932
0.119707
0.055467
-0.060960
-0.129778
-0.047990
0.045243
0.069047
-0.001144
-0.048295
-0.078050
-0.025406
0.083238
0.106126
-0.021286
-0.181964
-0.116503
0.104753
0.214923
0.087511
-0.160906
-0.259937
-0.054093
0.215381
0.170825
-0.099870
-0.189136
-0.043107
0.087816
0.067369
-0.034104
-0.107958
-0.113146
0.027695
0.169451
0.102159
-0.167468
-0.282826
0.015488
0.306020
0.181353
-0.177386
-0.292897
-0.055619
0.228351
0.194324
-0.118791
-0.235523
-0.050126
0.149920
0.121386
-0.026169
-0.112840
-0.114519
-0.060807
0.102770
0.239185
0.006943
-0.277943
-0.239185
0.164111
0.364462
0.007706
-0.395132
-0.250935
0.194018
0.380789
0.073320
-0.314412
-0.280842
0.061875
0.292134
0.135271
-0.167315
-0.255055
-0.050584
0.175250
0.204700
0.018692
-0.205615
-0.226825
-0.005264
0.249104
0.209735
-0.119249
-0.322652
-0.126726
0.264363
0.341726
-0.048753
-0.403067
-0.240864
0.234913
0.409171
0.086290
-0.345388
-0.323720
0.119707
0.397726
0.167926
-0.238270
-0.319753
-0.023117
0.263752
0.222248
-0.053483
-0.248493
-0.150225
0.108110
0.262226
0.123674
-0.190814
-0.297322
-0.037156
0.284962
0.244373
-0.107958
-0.307393
-0.106279
0.257191
0.291829
-0.038682
-0.297932
-0.166247
0.143969
0.264057
0.076219
-0.186542
-0.205768
-0.003586
0.220722
0.201190
-0.088121
-0.284352
-0.153277
0.181048
0.297780
0.058824
-0.244221
-0.256886
0.068589
0.350271
0.193256
-0.228046
-0.361563
-0.042954
0.332418
0.301595
-0.081865
-0.338369
-0.193713
0.194476
0.380331
0.117876
-0.300374
-0.358053
0.027543
0.384298
0.251850
-0.180133
-0.363394
-0.107652
0.288319
0.365225
-0.002670
-0.353323
-0.277333
0.121538
0.402914
0.212482
-0.227131
-0.382467
-0.084459
0.329824
0.382467
-0.051041
-0.424430
-0.257038
0.230793
0.426108
0.070573
-0.348592
-0.334096
0.062180
0.381094
0.233845
-0.212940
-0.381857
-0.105974
0.296254
0.346304
-0.044633
-0.404746
-0.268635
0.157244
0.420462
0.156634
-0.318990
-0.408408
-0.017929
0.383383
0.322805
-0.149767
-0.454032
-0.216602
0.266499
0.435569
0.046006
-0.437552
-0.394827
0.120775
0.493400
0.237507
-0.327840
-0.503471
-0.080186
0.408103
0.395285
-0.105516
-0.479820
-0.268635
0.217975
0.447776
0.157397
-0.356832
-0.458762
-0.029831
0.442588
0.394217
-0.165026
-0.541009
-0.250172
0.329671
0.509880
0.084001
-0.458915
-0.418784
0.104295
0.480735
0.305104
-0.262379
-0.510338
-0.139544
0.367971
0.466545
-0.002823
-0.504692
-0.361868
0.194324
0.505455
0.233997
-0.354696
-0.489433
-0.046616
0.409476
0.408408
-0.104601
-0.516442
-0.281147
0.252308
0.503929
0.160449
-0.436942
-0.464866
0.058824
0.482414
0.366598
-0.250324
-0.557794
-0.152209
0.372396
0.465782
-0.024643
-0.512169
-0.352407
0.179370
0.471122
0.239948
-0.348135
-0.504234
-0.038529
0.412222
0.405509
-0.110857
-0.534600
-0.268482
0.265583
0.476005
0.149462
-0.419242
-0.450980
0.061875
0.465476
0.362631
-0.209125
-0.541924
-0.163958
0.357137
0.469444
0.027848
-0.486534
-0.354543
0.184405
0.466392
0.242237
-0.289998
-0.444572
-0.035630
0.353170
0.386282
-0.027543
-0.438773
-0.263447
0.194781
0.449454
0.209583
-0.338216
-0.442741
0.010758
0.417105
0.374380
-0.145953
-0.483635
-0.190356
0.289387
0.436484
0.071488
-0.410849
-0.341268
0.122606
0.413596
0.246204
-0.258564
-0.422904
-0.080339
0.313802
0.366598
-0.020676
-0.398642
-0.255055
0.161059
0.390249
0.181964
-0.280385
-0.381704
-0.025101
0.333028
0.326467
-0.100938
-0.405509
-0.189593
0.223468
0.372396
0.080644
-0.337911
-0.304494
0.063096
0.330434
0.222858
-0.180896
-0.348135
-0.089952
0.227436
0.295033
0.013199
-0.303120
-0.231708
0.081559
0.293050
0.181811
-0.185016
-0.306783
-0.056992
0.228046
0.274739
-0.031052
-0.306783
-0.190204
0.125963
0.287251
0.107652
-0.224384
-0.259022
0.000534
0.228962
0.195392
-0.094225
-0.258869
-0.099870
0.138628
0.215076
0.044480
-0.207141
-0.198138
0.010605
0.190204
0.153429
-0.095903
-0.232166
-0.077134
0.142901
0.196460
0.003281
-0.203326
-0.135729
0.082933
0.198291
0.080339
-0.141680
-0.158007
0.030594
0.150835
0.103532
-0.042496
-0.134966
-0.044785
0.072404
0.099107
0.027543
-0.090562
-0.092241
0.016098
0.087358
0.072557
-0.014420
-0.086748
-0.045090
0.019760
0.042649
0.014420
-0.054551
-0.050736
0.012589
0.036698
0.021897
-0.011063
-0.037461
-0.000076
0.010300
-0.005417
-0.008316
-0.009689
0.007248
0.001907
-0.031510
-0.004807
0.042496
0.026017
-0.027543
-0.057603
-0.003738
0.062791
0.017624
-0.048295
-0.064774
-0.022049
0.057298
0.058366
-0.013657
-0.068437
-0.076982
-0.001144
0.078355
0.051041
-0.014878
-0.062486
-0.056840
0.002518
0.044327
0.025559
-0.032273
-0.087511
-0.037156
0.061570
0.086900
0.014725
-0.050736
-0.051804
0.018387
0.062638
0.006332
-0.063249
-0.071641
0.005264
0.087205
0.060502
-0.016251
-0.051804
-0.033646
0.024338
0.050126
-0.003433
-0.081407
-0.096361
-0.007706
0.098802
0.081865
-0.018540
-0.103380
-0.080491
0.032731
0.087053
0.018692
-0.092851
-0.099260
0.023117
0.132372
0.075608
-0.072099
-0.125200
-0.024796
0.110399
0.107347
-0.022202
-0.112230
-0.076066
0.052415
0.141680
0.053636
-0.085527
-0.109941
0.011215
0.161059
0.140917
-0.009537
-0.131456
-0.089952
0.069963
0.154498
0.040970
-0.129931
-0.156329
-0.001602
0.146715
0.119860
-0.034104
-0.122454
-0.059587
0.082170
0.140307
0.038987
-0.113298
-0.135271
0.008621
0.151598
0.115129
-0.051957
-0.157397
-0.071641
0.120470
0.185016
0.043259
-0.147021
-0.155718
0.010758
0.158312
0.097734
-0.084917
-0.156329
-0.033494
0.160754
0.176623
-0.004654
-0.168536
-0.128405
0.056382
0.155871
0.052110
-0.128710
-0.174029
-0.038987
0.116503
0.117571
-0.024796
-0.137713
-0.093919
0.063096
0.145190
0.051499
-0.115587
-0.162127
-0.033036
0.123674
0.118334
-0.026474
-0.143664
-0.075761
0.089189
0.150072
0.033036
-0.120012
-0.130236
0.002060
0.114366
0.095598
-0.027695
-0.104295
-0.048753
0.088121
0.139544
0.040360
-0.100938
-0.131914
-0.017624
0.096666
0.076371
-0.052720
-0.127489
-0.070573
0.052110
0.089647
-0.002976
-0.109636
-0.084917
0.049668
0.135119
0.069047
-0.078965
-0.143359
-0.062028
0.060197
0.080796
-0.009842
-0.095140
-0.071794
0.034867
0.093004
0.033036
-0.072099
-0.098955
-0.017929
0.086748
0.087358
0.000992
-0.075608
-0.054704
0.040665
0.092699
0.035782
-0.051499
-0.076677
-0.016861
0.052415
0.034257
-0.043717
-0.086442
-0.057603
0.021591
0.070268
0.031663
-0.043870
-0.076219
-0.020523
0.054398
0.067216
-0.002365
-0.075456
-0.048295
0.044480
0.086595
0.026017
-0.054551
-0.056992
0.015488
0.080644
0.057755
-0.026017
-0.080339
-0.053636
0.030747
0.075456
0.030594
-0.034409
-0.047990
0.018235
0.082475
0.072709
0.000992
-0.054246
-0.035935
0.029679
0.054704
0.009842
-0.057298
-0.072099
-0.021134
0.035935
0.029068
-0.011521
-0.022202
0.024338
0.081559
0.082933
0.030747
-0.033646
-0.050584
-0.004959
0.040513
0.039597
0.009842
-0.021439
-0.004654
0.028916
0.034409
0.006485
-0.024033
-0.019303
0.027390
0.051957
0.021897
-0.018540
-0.031968
0.010758
0.053788
0.053178
0.022049
-0.011978
-0.024491
-0.000534
0.017472
0.003891
-0.018998
-0.028306
-0.000076
0.026474
0.015030
-0.020371
-0.037156
-0.012894
0.038987
0.049363
0.020523
-0.015335
-0.017166
0.023728
0.047074
0.026474
-0.019303
-0.033494
0.005875
0.051194
0.056687
0.010910
-0.040208
-0.046006
-0.008927
0.030289
0.037919
0.019608
-0.000229
-0.002365
0.003433
-0.001144
-0.010758
-0.013962
-0.003281
0.017472
0.018692
-0.000229
-0.025101
-0.023728
0.000076
0.014572
-0.004501
-0.028000
-0.025712
0.008469
0.048142
0.048142
0.017166
-0.022812
-0.030594
-0.012741
0.007401
0.012589
-0.005570
-0.026474
-0.026780
-0.003281
0.021134
0.031815
0.026322
0.008469
0.000687
-0.009232
-0.020523
-0.018235
-0.001144
0.026780
0.032120
0.008774
-0.027390
-0.051804
-0.030442
0.007095
0.018998
-0.007553
-0.038834
-0.031510
0.005875
0.020523
0.000534
-0.033951
-0.049515
-0.025254
0.018082
0.046006
0.038071
0.007553
-0.008927
-0.009842
-0.029374
-0.057450
-0.054398
-0.012589
0.036698
0.040970
0.006790
-0.032578
-0.045243
-0.024948
-0.016403
-0.027695
-0.030899
-0.012436
0.029221
0.056077
0.040513
0.002213
-0.030899
-0.027390
-0.002976
-0.001602
-0.022660
-0.036545
-0.022202
-0.002060
0.005112
-0.012741
-0.034409
-0.044480
-0.018387
0.024796
0.042344
0.018235
0.001144
0.007553
0.023423
0.021897
0.001450
-0.020523
-0.039750
-0.051041
-0.050278
-0.044785
-0.057603
-0.068894
-0.032425
0.043870
0.095140
0.072709
0.017624
-0.023270
-0.003128
0.046921
0.057908
0.011978
-0.046464
-0.045853
0.011826
0.048295
-0.014115
-0.103838
-0.118029
-0.032120
0.045548
0.033646
-0.043412
-0.093767
-0.053636
0.027085
0.071946
0.043412
-0.011826
0.009384
0.083391
0.082933
-0.038071
-0.133898
-0.077745
0.085069
0.152361
0.030137
-0.098802
-0.137713
-0.068437
0.011368
0.039750
0.005264
-0.029831
0.008316
0.089342
0.113909
0.028306
-0.031205
-0.036088
-0.005112
-0.009232
-0.016861
-0.019303
-0.023880
-0.011063
-0.010910
-0.039292
-0.111162
-0.101244
-0.000229
0.130236
0.130846
-0.030289
-0.115892
-0.020829
0.138018
0.178912
0.117418
0.032578
-0.029984
-0.104143
-0.094530
0.014878
0.069963
-0.002518
-0.087968
-0.069047
-0.013657
-0.027543
-0.076066
-0.007553
0.067216
0.065385
0.019608
-0.013352
-0.022049
0.020981
0.084154
0.073320
-0.029526
-0.134966
-0.068589
0.081712
0.164416
0.098192
-0.103380
-0.234607
-0.167926
0.029068
0.121691
0.093919
0.022660
-0.021897
-0.045853
-0.031205
0.055161
0.103075
0.034257
-0.019150
0.026322
-0.006943
-0.098192
-0.069657
0.115892
0.162737
-0.013657
-0.154192
-0.143664
-0.071488
0.002518
0.061570
0.040818
-0.059129
-0.138933
-0.057450
0.113756
0.160906
0.117723
-0.001450
-0.149310
-0.174487
-0.007858
0.170977
0.168841
0.023575
-0.076982
-0.107958
-0.091936
0.043107
0.132525
0.022965
-0.087663
-0.050126
-0.017319
-0.055772
-0.040360
0.121538
0.168536
-0.025712
-0.106889
-0.047684
-0.024948
-0.028000
0.014725
0.022965
-0.116960
-0.233539
-0.105821
0.176318
0.180133
-0.009232
-0.091325
-0.061570
-0.070726
0.032578
0.095598
0.081712
0.011368
-0.028458
-0.054093
-0.027237
0.060349
0.069352
-0.004044
-0.105364
-0.043107
-0.044785
-0.086900
0.016861
0.111009
0.011673
-0.153277
-0.103380
0.029374
0.083238
0.054093
0.052873
0.015946
-0.105821
-0.134203
0.006638
0.124743
0.043717
-0.008011
-0.003128
-0.041733
-0.108263
0.026474
0.127642
0.087663
0.022812
-0.042039
-0.090868
-0.009842
0.143664
0.121386
-0.082017
-0.172503
-0.007706
0.054093
0.018082
0.046006
0.062791
-0.017777
-0.091325
-0.034714
0.056077
0.099870
0.052720
0.037614
-0.014878
-0.115587
-0.185931
-0.060502
0.153582
0.167468
0.071488
-0.046921
-0.104295
-0.116350
0.110094
0.195544
0.079423
-0.072251
-0.077897
-0.071946
0.087358
0.194018
0.070268
-0.141527
-0.201190
0.011673
0.064469
-0.002060
0.025712
0.098650
-0.001907
-0.093309
-0.072251
0.091936
0.120775
0.051499
0.015946
-0.042039
-0.178302
-0.247120
-0.001450
0.206073
0.152972
-0.014725
-0.095293
-0.136187
-0.078508
0.127184
0.168383
0.105516
0.001907
-0.115892
-0.122148
0.186389
0.206378
0.016098
-0.204395
-0.186999
-0.008011
0.009537
-0.001755
0.134966
0.081407
-0.096208
-0.098344
-0.054856
0.034714
0.091630
0.063249
0.035630
-0.077287
-0.243000
-0.198901
0.128099
0.249409
0.127794
-0.062486
-0.143511
-0.207141
0.042802
0.173877
0.168994
0.052873
-0.099718
-0.241474
-0.050126
0.262074
0.170825
-0.044938
-0.234913
-0.132982
-0.006332
-0.054093
0.076219
0.140764
-0.033341
-0.071946
-0.028458
-0.052567
0.063706
0.088884
0.056535
0.045701
-0.143969
-0.311360
-0.068894
0.214466
0.218433
0.016861
-0.098039
-0.221027
-0.096666
0.137255
0.180438
0.146715
-0.001450
-0.200885
-0.202564
0.150378
0.273060
